DIM=(640, 480)
K=[[325.1564515669869, 0.0, 318.97813943722116], [0.0, 321.50468917410274, 249.05011600944852], [0.0, 0.0, 1.0]]
D=[[0.4567841421603866], [-2.375800551358405], [4.190925078868009], [-2.8322958563831335]]