DIM=(640, 480)
K=[[392.2587784103325, 0.0, 349.5946215390046], [0.0, 429.2697800524658, 219.08594079864957], [0.0, 0.0, 1.0]]
D=[[-0.5947515245760245], [1.210686515239806], [-1.8039526380719182], [0.7464215045731002]]