DIM:(640, 480)
K:[[157.80318621083393, 0.0, 231.84078724271788], [0.0, 147.79333039625973, 72.28830095657395], [0.0, 0.0, 1.0]]
D:[[2.0685142995515053], [-5.079635173054507], [7.018676629889146], [-3.655967741240021]]